-0.5562675,0.6161368,0.5001596,1.5811201,-1.8406357,-0.6776048,-1.1248448,-0.9323348,-1.5476079,-0.90136075,-1.4900361,-1.9566429,-1.5850235,3.1735137,-1.065493,-1.7462637,1.4620596,3.1149442,-2.9664552,0.006864595
-0.6388701,0.21756439,-0.52342314,-0.22339755,-0.59855235,2.3699672,-0.5553996,-0.8888482,-0.90342635,-0.57962555,-0.56789064,-0.1933412,-0.80296165,-1.0129539,-1.8658776,0.89053583,-2.4765487,3.8345902,-2.4375029,5.321839
-0.53324664,-1.2582324,2.5006316,-0.0838714,0.10904306,1.6465447,-0.6702891,-0.9443974,-1.3579856,-1.6888297,-1.6534654,-0.71409917,-2.4023254,0.5054662,-2.0733676,-1.5259315,-1.4697648,-1.3727218,-1.3908321,-1.6507288
-1.0620773,1.6643649,-1.16974,-1.7710088,-1.6599128,0.95288694,-2.3684874,3.424654,3.6450515,2.4331033,2.8578198,-1.6329719,-1.9032664,-2.775003,-2.725677,-2.968865,-0.9099889,-2.5852072,-2.599659,-2.493246
-0.6535505,1.076177,-0.6278161,-1.6175832,-0.9935788,2.213927,-0.97630394,-1.4460405,-1.7299178,-1.2974355,-1.0935968,-1.3531231,4.671805,-0.22132118,4.715005,-0.31339666,-1.6980681,-1.6780783,-1.283494,1.0975649
-0.043590423,-0.11775792,-0.0625161,-0.08974639,-0.15305397,-0.17600958,-0.12469613,-0.25619757,-0.042712267,-0.031315167,-0.20026441,-0.3884828,-0.09641211,-0.37786055,-0.32676628,0.12682083,-0.30085805,-0.33858076,-0.50980127,-0.4688743
-0.17352055,-0.119429395,0.0779095,-0.18402158,-0.0675312,-0.09910917,-0.0022947607,-0.24149206,-0.22814564,0.057009578,0.0966504,-0.41548914,-0.26530594,-0.30614814,-0.31099075,-0.3972387,-0.6386755,-0.1316583,-0.304328,-0.5217773
-0.20874004,-0.08918293,-0.27260634,-0.20884483,0.5292705,-0.14700864,-0.22831531,-0.1381048,-0.0979986,-0.19767173,-0.45743456,-0.5025434,-0.19366984,-0.3648983,0.58760726,-0.30202037,-0.48090783,-0.4703148,-0.363138,0.1734364
-0.3649331,0.24080549,-0.9562626,-1.1877661,-0.39526793,0.5132871,-0.37225878,0.45161557,-1.8168716,1.3276876,-0.78853357,-1.9165287,-1.5871471,-1.4494406,-1.3932912,-1.2372999,-6.205649,5.383135,6.1740155,-2.1356146
-0.088572346,-0.13015741,-0.21054055,-0.16608873,-0.19014554,-0.28304622,-0.06597532,-0.018092494,0.08335101,0.056351405,-0.35034415,-0.30690497,-0.09320126,-0.11403594,-0.3151588,0.28461123,-0.47661358,-0.4115352,-0.54833245,-0.48355275
-1.0438552,1.3812053,0.21155684,0.44561192,0.0073686335,-0.05815765,-2.0609462,-2.3042247,-2.6884975,-1.9395214,-1.8036249,5.0734887,-2.925413,-1.4700328,2.3403718,-2.0583134,-1.5940577,-1.7129352,-1.5789555,-2.2984316
0.823399,0.4103695,-0.25984436,-1.0413531,-0.9106097,-1.7855102,-1.4964347,-1.2918265,-1.8599575,-1.1214564,-2.234873,-1.9840554,0.041643515,-2.4370413,-2.2917225,1.983377,6.0024424,-2.647677,3.2782104,3.04611
0.7133226,-0.093975864,-0.71693265,-0.9386276,0.7081163,0.27481893,-0.5619901,-0.7182783,0.7372951,-0.16529314,-0.54493827,-0.40011486,-0.33975348,-0.101747036,-0.718199,-1.988142,-0.14633068,-0.8409035,-1.3058306,-1.6136861
-0.19559962,-0.049802966,-0.059574455,0.015688343,-0.2398193,-0.19404009,-0.16371076,-0.08126925,-0.083459035,-0.20186807,-0.3628999,-0.12952335,-0.42664343,0.15995751,0.3754887,-0.16999854,-0.42581105,-0.04279179,-0.20654762,0.064368054
-0.14753327,0.04096844,-0.29004782,-0.31609434,-0.34222123,-0.3738042,1.8552226,-0.6808251,-0.42185214,-0.39327556,-0.42190555,-0.07135962,-0.27688968,-0.6803187,-0.13201572,-0.3979001,1.2930903,-0.37881592,-0.65791214,-0.30860105
-0.5360526,-0.7362535,-1.1611389,-0.6653422,0.8295558,-0.8398426,3.500559,4.0279427,-1.8662268,-1.1298225,-0.74904233,-1.9554169,0.20074446,1.1214381,-0.22272408,-0.76213473,-1.535906,-1.0999274,-0.68989205,-0.87296903
0.2748024,-0.10334341,-0.13738291,-0.065628126,-0.2317413,-0.22873507,-0.28022015,-0.33416066,-0.16400407,-0.1556845,-0.4519385,-0.49360105,-0.3883909,-0.4344104,-0.44226018,0.059991285,-0.63580483,-0.24805352,-0.4480787,0.045233168
-0.31357446,-0.7675426,1.6145818,-0.4651064,-0.5771796,0.43991625,-0.19762856,-0.32514873,-0.47512776,-0.21898569,-0.36928818,-0.55833805,-0.023476545,-1.57201,-0.49542862,-0.11809279,-0.8222963,-0.5483422,-0.6060776,-0.45722783
-0.31840563,-0.20056732,1.1261181,-0.7412275,-0.6405992,-0.48945782,0.9141649,-0.20322458,-0.19300725,0.0032210515,0.2897723,-0.6345744,-0.30008414,-1.0077872,-0.4413503,-0.38298517,-0.5501432,-0.6477755,-0.42526567,-0.5485562
-0.1662841,0.11157471,-0.56702125,-0.8892704,-0.35415205,1.820584,0.79143286,-0.73569506,-0.25433704,-0.6610864,-0.5433727,2.4537137,0.4864055,-1.056892,-1.0463016,-0.5321838,-1.4346036,-0.9985357,0.45711496,-1.0975786
-0.26967418,0.012403672,0.18202847,-0.12827018,-0.19906706,-0.21941853,-0.3682683,-0.26507193,0.18909265,-0.1861849,0.05301901,-0.2821766,0.94403464,-0.24775417,-0.56290317,-0.07558552,-0.56444347,-0.3883641,-0.26354244,-0.29318193
0.87384266,-0.44105324,0.0010384505,0.163778,-0.52230895,-0.65725595,-0.5924709,-0.4353073,-0.5033087,-0.5044051,-0.6635104,-0.2258204,-1.5917836,-0.48323658,1.7200146,-2.45235,-2.2494514,-0.6458837,1.599217,-0.6725075
0.08554843,-0.65971977,-0.13038613,-0.8049567,0.7183798,2.6127121,-0.87837476,0.21721283,-0.4739694,-0.81883186,-0.4095542,-0.16322324,-1.1560549,1.474875,-1.692334,-0.83617973,-0.45434955,-1.3304765,-1.5515879,-1.0691892
1.1992084,-0.09785834,-0.77363205,-0.082112685,-0.4641352,-0.92739385,-0.7919365,-0.12029621,-0.3532377,-0.90169126,-0.97363055,0.3328927,-1.323722,-1.6428524,-1.1774971,1.5729012,-3.2134662,-0.6344141,-0.786236,1.6049616
-0.54553646,0.5022978,-1.3066938,3.462615,-1.8748183,-0.5451795,-0.1049725,-0.7967641,-0.9322198,-0.74692917,-0.73446304,-0.8287702,1.4586166,-0.9606927,-0.6372657,-0.8863025,-0.7636073,-0.68220663,-0.3385008,-0.101814106
-0.2538995,-0.20391247,0.43437254,0.10320549,-0.016470812,-0.18548308,-0.0727692,-0.25387064,-0.099030286,-0.24486141,-0.5376942,-0.31481704,-0.6541074,-0.6599808,-0.022994235,-0.26681793,-0.6084765,-0.45427838,-0.38551092,0.025433699
-0.10008122,-0.046656396,-0.05978001,-0.29003942,-0.13004987,-0.10357943,0.14672625,-0.05591315,-0.12139522,-0.09119403,-0.22868942,-0.3075769,-0.3777339,-0.26254475,-0.3366741,-0.27112094,-0.4169443,-0.49477124,-0.55257756,0.02972173
-0.3645105,0.4555786,-0.5878636,-0.81588423,-1.3946841,-1.1007985,4.615359,-0.78542584,0.4363336,-0.37633,0.02290774,-0.33477533,-0.9788205,-1.3382249,-0.61073935,-0.84642524,0.042309687,-0.7248682,-0.5639326,-0.22314772
1.0683273,-0.25675306,-0.34909007,-0.5928878,0.30090192,-0.57993686,-0.6511753,-0.45609385,0.4099316,-0.9354139,-0.82320416,-0.7936412,-0.7565989,-0.39226973,-0.5707325,-3.1553369,-1.4046396,-1.3885032,-2.9534664,3.9023342
-0.33087322,0.17709404,1.0437906,-0.6125941,-0.73358476,-0.2688932,-0.038878575,-0.34658745,-0.3232252,-0.31963667,-0.21647963,-0.7599226,0.01012384,-0.7877489,-0.8498742,-0.50764143,-0.8014798,-0.2880224,0.029678231,-0.31125396
-0.57020974,-0.23337965,1.083487,-1.5490606,2.2977145,-1.4307736,-1.3251859,-1.3861257,-1.3268582,-1.1217723,5.7034245,-3.0022242,-0.6601457,-3.4475656,4.5774293,-1.4079273,1.4647738,-0.25585255,0.16186647,-0.023899792
0.43894285,-0.016084788,-0.39388728,-0.34894067,0.62185574,-0.69485176,-0.88837457,-0.1682704,-0.285348,-0.77443606,-1.0756059,-0.8896932,-0.67387354,-1.200878,1.6818296,4.135993,-1.307146,1.0737625,-2.6313486,-2.3754232
-0.16361113,-0.03295827,-0.08619364,-0.27902448,-0.21241406,0.042977754,-0.02361861,-0.1385063,-0.07823012,-0.35476694,0.27358025,-0.48972842,0.101572804,-0.3862956,0.35771978,-0.23796009,-0.15640236,-0.36145315,-0.48047602,-0.036087357
-0.13784914,-0.020548558,-0.024887796,-0.09384232,-0.10202571,-0.09385405,-0.11974091,-0.06829163,-0.2312253,-0.2613433,-0.19290583,-0.45189884,-0.31359252,-0.25273448,-0.1933132,-0.25365523,-0.2996747,-0.19010605,-0.3960944,-0.24026565
0.7740844,-1.0391493,-0.1706146,1.7197549,-1.2529597,0.8326898,-0.42971268,-0.41870457,-0.31323647,-0.9536854,-0.71114707,-1.0741749,-0.60277784,-0.6896287,-0.9557666,-1.1497566,-1.3203868,-0.63366985,-1.0087963,-2.3399692
-0.7000301,0.5004696,0.042190634,0.0060747517,-2.2183282,-2.2031853,-0.010617741,-2.2207625,-2.0985024,0.43476227,4.036966,-2.8898852,-1.1997317,5.1031365,-1.7724351,4.9517565,-3.127982,-1.7968463,-0.95731837,-0.9534048
0.24782112,-0.8091525,0.06887381,-0.8328141,0.012454521,-0.37216473,-0.38125098,-0.9219453,2.0848832,3.4808135,-0.6695274,-0.1932534,-1.5850438,0.8799467,-0.3760747,-0.9813236,1.5888852,-0.97526175,-1.1485238,-1.4864186
-1.2379136,0.921453,-0.16256943,0.6285321,2.0757604,-2.0339246,1.1497779,-1.0679317,4.704899,-3.4524238,-2.6947083,-2.0368254,-3.1177616,-3.1711504,-3.2645273,-1.9510959,-2.5266886,-2.3583977,-2.1931534,-1.61209
-0.23660263,-0.022544764,-0.094757356,-0.2753991,-0.39464614,-0.1674089,0.7064537,-0.2861071,-0.37275812,1.661291,-0.40740415,-0.5264112,-0.17387643,-0.20440292,-0.50704837,0.0015076541,0.24020588,-0.26971778,-0.49126953,-0.35297364
0.09572316,-0.08360754,-0.15855247,-0.15514328,-0.2453827,-0.21132666,-0.23179807,-0.03802477,-0.08071842,-0.2145334,-0.23870285,-0.46976572,-0.28871444,-0.40610513,-0.011823951,-0.23546597,-0.09032873,-0.28066355,-0.48135522,-0.7624089
-0.05236057,-0.13079546,-0.105296575,0.10134437,-0.21520941,-0.19662847,-0.12720656,-0.16668321,-0.18271318,-0.21258028,0.26294124,-0.40993723,-0.4780907,-0.19686933,-0.38736874,-0.21081574,-0.61549205,-0.4852426,0.005249892,-0.22083619
-0.2165499,-0.13234705,0.12403817,-0.10133243,-0.081944376,-0.09736948,-0.119117975,-0.18396643,0.4432002,0.065532945,-0.13767412,-0.36322254,-0.17022865,-0.28129807,-0.31154436,-0.39439416,-0.6279891,-0.43526974,-0.4469349,-0.24176316
0.34356892,-0.10774676,-0.19129507,-0.22383207,-0.23338191,-0.34447324,-0.18996434,-0.26448002,-0.22172292,-0.10223321,-0.26237065,-0.3071358,-0.5474171,-0.52239895,0.109569624,-0.2682009,-0.6834654,-0.39309934,-0.62088907,-1.1021757
-0.19395089,0.2860963,-0.015478616,-0.24463028,-0.09878464,-0.44163758,-0.2987155,-0.2551261,-0.3599018,-0.2889974,-0.7002358,-0.30961445,1.7624873,-0.24853781,-0.0054059774,-0.004689473,-0.72960883,-0.28870952,-0.20043881,0.05275451
0.71393514,0.25964773,-0.31636438,-0.49715316,-0.62716794,-0.6946697,0.44063187,-0.17853428,-0.7313814,-0.41659912,-0.6803414,-0.33118096,-0.16465771,-0.86003333,-0.61257756,0.60592216,-0.45857,-0.39450765,-1.7849231,-2.4186757
-0.11304304,-0.0981785,-0.09748872,-0.009934247,-0.034548394,-0.21626851,0.07793029,-0.1682995,-0.12164249,-0.24721158,-0.14984275,-0.2309428,-0.42087004,-0.37309292,-0.4209594,-0.4602773,-0.65266913,-0.34943774,-0.2620973,-0.2731266
-0.76908183,-1.4626442,1.5917584,-0.25853795,-1.663325,-1.6067159,-0.039455194,3.8284512,-1.0662669,-2.2162542,-2.1238234,4.02524,3.9229555,3.293815,-0.9280454,-3.199389,3.019797,-3.138022,1.5792931,-2.7304935
-0.2644235,-0.09439879,-0.20493661,-0.31460813,1.2168586,-0.23693994,-0.38524133,-0.10554468,-0.113644734,-0.13378806,-0.08491847,-0.3315076,-0.24579911,0.14283687,-0.38185737,-0.0010777258,-0.409648,-0.41478738,-0.49433032,0.21771874
0.13115667,-0.25218672,-0.10505819,-0.1448722,-0.0708209,0.732298,-0.34385222,-0.27500036,-0.32211304,-0.47807565,-0.53699815,-0.20206094,-0.67031986,-0.5251342,-0.4641857,-0.55126953,-0.55991757,-0.21967648,-0.4084363,-0.436179
-1.1598287,-1.298176,-1.0080063,2.9548259,3.1932223,-1.0563308,0.064899825,-2.0818183,-3.206343,3.5741947,-3.0443707,-2.742897,3.8827856,-3.1293247,-3.210637,-2.8791919,-3.052265,-2.772846,-3.0946193,-2.4301794